-2.000 2.155
-1.789 2.033
-1.579 1.912
-1.368 1.790
-1.158 1.669
-0.947 1.547
-0.737 1.425
-0.526 1.304
-0.316 1.182
-0.105 1.061
0.105 0.939
0.316 0.818
0.526 0.696
0.737 0.575
0.947 0.453
1.158 0.331
1.368 0.210
1.579 0.088
1.789 -0.033
2.000 -0.155
2.000 2.155
1.789 2.033
1.579 1.912
1.368 1.790
1.158 1.669
0.947 1.547
0.737 1.425
0.526 1.304
0.316 1.182
0.105 1.061
-0.105 0.939
-0.316 0.818
-0.526 0.696
-0.737 0.575
-0.947 0.453
-1.158 0.331
-1.368 0.210
-1.579 0.088
-1.789 -0.033
-2.000 -0.155
