830
0.008126907569895314 -10000.0
0.014023904726888636 -9975.845410628019
0.032899406749897775 -9951.69082125604
0.04876785432407105 -9927.536231884058
0.0548842054862575 -9903.381642512077
0.07353709385510276 -9879.227053140097
0.08606080244267011 -9855.072463768116
0.10413958059450779 -9830.917874396135
0.10773100165543559 -9806.763285024155
0.11144637453870065 -9782.608695652174
0.11743454950189025 -9758.454106280193
0.12181142339926732 -9734.299516908213
0.14255182671913724 -9710.144927536232
0.15118798084420293 -9685.99033816425
0.15581477331666926 -9661.835748792271
0.16024248778379602 -9637.68115942029
0.18337069880243306 -9613.526570048309
0.1878523379530006 -9589.37198067633
0.19445282380565088 -9565.217391304348
0.19676397520172695 -9541.062801932367
0.2027266824375895 -9516.908212560387
0.2197974398110214 -9492.753623188406
0.22793760396584983 -9468.599033816425
0.24511411189579446 -9444.444444444445
0.25809127544293653 -9420.289855072464
0.2654013137748268 -9396.135265700483
0.2857374746351915 -9371.980676328501
0.2920376382734724 -9347.826086956522
0.29335668915940527 -9323.67149758454
0.2943632324753498 -9299.516908212561
0.29751642643626397 -9275.36231884058
0.3319806377395518 -9251.207729468599
0.33248584963583405 -9227.053140096617
0.3443825959085167 -9202.898550724638
0.3542229256633167 -9178.743961352657
0.35752745837094646 -9154.589371980677
0.42344930176527407 -9130.434782608696
0.4321576722302922 -9106.280193236715
0.4419788554714055 -9082.125603864733
0.4695419314864291 -9057.971014492754
0.47028617735399236 -9033.816425120773
0.4896324926466833 -9009.661835748791
0.5161232812840322 -8985.507246376812
0.5204434294174809 -8961.35265700483
0.5208782599227624 -8937.19806763285
0.5223675792654703 -8913.04347826087
0.5280880999240922 -8888.888888888889
0.532173245504467 -8864.734299516907
0.5359218140701405 -8840.579710144928
0.5446282822814141 -8816.425120772947
0.5490858777267493 -8792.270531400965
0.5497019724638419 -8768.115942028986
0.5577358278843436 -8743.961352657005
0.5776217833864772 -8719.806763285023
0.5858664946158965 -8695.652173913044
0.5966649646319677 -8671.497584541063
0.5974754380542779 -8647.342995169081
0.5999382300498857 -8623.188405797102
0.607432332793687 -8599.03381642512
0.6129294378389938 -8574.87922705314
0.6235322564413914 -8550.72463768116
0.642372847862509 -8526.570048309179
0.6538367344457285 -8502.415458937197
0.6699781320172293 -8478.260869565218
0.6887480731274664 -8454.106280193237
0.6943022081599415 -8429.951690821255
0.706199629554537 -8405.797101449276
0.7165353225271032 -8381.642512077295
0.7166692556647558 -8357.487922705313
0.7370767580077608 -8333.333333333334
0.7385431441045442 -8309.178743961353
0.7404202163720441 -8285.024154589371
0.7681227080484077 -8260.869565217392
0.8021555888014231 -8236.71497584541
0.8069483602473715 -8212.56038647343
0.8218218401945054 -8188.405797101449
0.8414717449897169 -8164.251207729469
0.8484614746478969 -8140.096618357487
0.8545008190783376 -8115.942028985507
0.8700349005161745 -8091.787439613527
0.8713800388916759 -8067.632850241545
0.8740995346350444 -8043.478260869565
0.879109436032578 -8019.323671497585
0.8806388336629345 -7995.169082125603
0.8811707157385273 -7971.014492753623
0.9027255054340144 -7946.859903381643
0.9102052742575562 -7922.705314009661
0.9192411485467189 -7898.550724637681
0.9199364674627708 -7874.396135265701
0.9308075697432483 -7850.241545893719
0.9367892360431807 -7826.086956521739
0.9464476944982048 -7801.932367149759
0.9700756396729704 -7777.777777777777
0.9778626828768533 -7753.623188405797
0.9888442697383881 -7729.468599033817
1.010382626377937 -7705.314009661835
1.0218523669732948 -7681.159420289855
1.0335482819541875 -7657.004830917875
1.0417167499662894 -7632.850241545893
1.0473704162170427 -7608.695652173913
1.0559573450938586 -7584.541062801933
1.0763589131334828 -7560.386473429951
1.081055565790373 -7536.231884057971
1.1047470686399707 -7512.077294685991
1.1115060853775582 -7487.922705314009
1.1195370214949485 -7463.768115942029
1.1256662433167064 -7439.613526570049
1.1259795791626603 -7415.458937198067
1.135929477702533 -7391.304347826087
1.146406796200713 -7367.149758454107
1.2035793961501429 -7342.995169082125
1.2203552338902979 -7318.840579710145
1.2210383629856247 -7294.685990338165
1.222838383926238 -7270.531400966183
1.2323087674901778 -7246.376811594203
1.2349667838607215 -7222.222222222223
1.2537692772284392 -7198.067632850241
1.2560099043733186 -7173.913043478261
1.269375319955277 -7149.758454106281
1.2707593353982383 -7125.603864734299
1.2994172913696167 -7101.449275362319
1.303744723246958 -7077.294685990339
1.3070768017877943 -7053.140096618357
1.3292917430457385 -7028.985507246376
1.3649300685069465 -7004.830917874397
1.383180627342293 -6980.676328502415
1.3945254103947224 -6956.521739130434
1.3946053911792744 -6932.367149758455
1.4087767387286698 -6908.212560386473
1.433606073221031 -6884.057971014492
1.4406353865714594 -6859.903381642513
1.47462724576642 -6835.748792270531
1.4754215210923805 -6811.59420289855
1.498921533042178 -6787.439613526571
1.508697312228372 -6763.285024154589
1.5142141688132171 -6739.130434782608
1.5152027133957624 -6714.975845410628
1.5152412155962414 -6690.821256038647
1.5593179653311495 -6666.666666666666
1.5929741456888613 -6642.512077294686
1.6029188411544781 -6618.357487922705
1.6041873402332218 -6594.202898550724
1.6091088560925282 -6570.048309178744
1.667265852699692 -6545.893719806763
1.67986511585282 -6521.739130434782
1.712172906766194 -6497.584541062802
1.7227298745009723 -6473.429951690821
1.7240839551323761 -6449.27536231884
1.744961124756188 -6425.12077294686
1.7625918828204923 -6400.966183574879
1.766410323852441 -6376.811594202898
1.7664799528577058 -6352.657004830918
1.7676664306327672 -6328.502415458937
1.7904363015079527 -6304.347826086956
1.8355849636369026 -6280.193236714976
1.8356995530667541 -6256.038647342995
1.84241104745548 -6231.884057971014
1.8444029846722443 -6207.729468599034
1.8456063556002278 -6183.574879227053
1.85115419292473 -6159.420289855072
1.8598461130159372 -6135.265700483092
1.8879751633220476 -6111.111111111111
1.897621856670142 -6086.95652173913
1.9034741614030393 -6062.80193236715
1.9177000663575061 -6038.647342995169
1.9494924040630157 -6014.492753623188
1.9526503945615703 -5990.338164251208
1.9533204290213013 -5966.183574879227
1.9781616469020769 -5942.028985507246
1.9800371994744448 -5917.874396135266
1.982992448142864 -5893.719806763285
1.993197171270833 -5869.565217391304
1.9959283306617992 -5845.410628019324
1.9986333527733124 -5821.256038647343
2.0018389832104857 -5797.101449275362
2.007911525655378 -5772.946859903382
2.034025995017709 -5748.792270531401
2.044380655528135 -5724.63768115942
2.0591188743618694 -5700.48309178744
2.069584009505504 -5676.328502415458
2.0727271619699703 -5652.173913043478
2.133990698233502 -5628.019323671498
2.1768722903784465 -5603.864734299516
2.1815691489086717 -5579.710144927536
2.207415570813138 -5555.555555555556
2.213835769540693 -5531.400966183574
2.214878487896972 -5507.246376811594
2.2469262484691366 -5483.091787439614
2.2600990172871427 -5458.937198067632
2.2712016587802273 -5434.782608695652
2.278709368995895 -5410.628019323672
2.285820880675944 -5386.47342995169
2.3213743315017377 -5362.31884057971
2.342336992436249 -5338.16425120773
2.3471582675658196 -5314.009661835748
2.3602474392547643 -5289.855072463768
2.363278262392423 -5265.700483091788
2.378041643994796 -5241.545893719806
2.3903491859691828 -5217.391304347826
2.421665166042887 -5193.236714975846
2.431057768983388 -5169.082125603864
2.432110927602491 -5144.927536231884
2.4327297542714965 -5120.772946859904
2.472246977899497 -5096.618357487922
2.4724977653232703 -5072.463768115942
2.4831641513245293 -5048.309178743962
2.501452549057499 -5024.15458937198
2.5015418326907355 -5000.0
2.5310288815752644 -4975.845410628019
2.5507804768884257 -4951.690821256038
2.56215660566951 -4927.536231884058
2.5642944565099457 -4903.381642512077
2.5652055212161926 -4879.227053140096
2.568733163025448 -4855.072463768116
2.569686883708382 -4830.917874396135
2.575517362606601 -4806.763285024154
2.5807087047398944 -4782.608695652174
2.5826238473844554 -4758.454106280193
2.5939431041812155 -4734.299516908212
2.594360291532557 -4710.144927536232
2.6168144828058413 -4685.990338164251
2.6188312663738733 -4661.83574879227
2.6538535268556265 -4637.68115942029
2.662620284222382 -4613.526570048309
2.680276387339564 -4589.371980676328
2.685228735562162 -4565.217391304348
2.6887917794469107 -4541.062801932367
2.7011344505891834 -4516.908212560386
2.7118517845786427 -4492.753623188406
2.7126968601121426 -4468.599033816425
2.7327693569580846 -4444.444444444444
2.7414876139593236 -4420.289855072464
2.7748129334967677 -4396.135265700483
2.782187299966814 -4371.980676328502
2.811100727573994 -4347.826086956522
2.823535809982225 -4323.671497584541
2.833569711841508 -4299.51690821256
2.8359952634060437 -4275.36231884058
2.8390391369156696 -4251.207729468599
2.8455464808341393 -4227.053140096618
2.8475943927802874 -4202.898550724638
2.849718353558919 -4178.743961352657
2.85719894278294 -4154.589371980676
2.8698860186857047 -4130.434782608695
2.8721348957855586 -4106.280193236715
2.8787961248306937 -4082.1256038647343
2.8799358489871594 -4057.971014492753
2.882893363065653 -4033.8164251207727
2.8848201115654923 -4009.6618357487923
2.888742148316008 -3985.507246376811
2.8977970948525753 -3961.3526570048307
2.9202390830730507 -3937.1980676328503
2.935610304810031 -3913.043478260869
2.9492887443398286 -3888.8888888888887
2.9563335496830243 -3864.7342995169083
2.968478682050634 -3840.579710144927
2.976823291737988 -3816.4251207729467
2.9787548428845145 -3792.2705314009663
2.982461800247478 -3768.115942028985
2.9934047087034434 -3743.9613526570047
2.999355806512786 -3719.8067632850243
3.0161424773217185 -3695.652173913043
3.0164263471228594 -3671.4975845410627
3.0595501411669215 -3647.3429951690823
3.070522060628491 -3623.188405797101
3.0791666485703972 -3599.0338164251207
3.0914851617521766 -3574.8792270531403
3.105016605918085 -3550.724637681159
3.1080577719942193 -3526.5700483091787
3.108880219176368 -3502.4154589371983
3.1374241895179447 -3478.260869565217
3.1499481851885793 -3454.1062801932367
3.1560887800285933 -3429.9516908212554
3.1577863276713005 -3405.797101449275
3.1634119058740384 -3381.6425120772947
3.1887475385668873 -3357.4879227053134
3.205454257647448 -3333.333333333333
3.2096377156296416 -3309.1787439613527
3.218841388991901 -3285.0241545893714
3.2321580308399342 -3260.869565217391
3.2703342721970174 -3236.7149758454107
3.2821516840536558 -3212.5603864734294
3.282915162899437 -3188.405797101449
3.2859161817218174 -3164.2512077294687
3.2878255104655674 -3140.0966183574874
3.3016502008455517 -3115.942028985507
3.3111154568212653 -3091.7874396135267
3.3221103068146416 -3067.6328502415454
3.329380926714088 -3043.478260869565
3.3611287166955037 -3019.3236714975847
3.3649947310957407 -2995.1690821256034
3.3698924995815305 -2971.014492753623
3.3897141570141898 -2946.8599033816427
3.437290389351598 -2922.7053140096614
3.43973018315881 -2898.550724637681
3.4640240206408435 -2874.3961352657007
3.4719419386993087 -2850.2415458937194
3.4729881430741094 -2826.086956521739
3.506315774641676 -2801.9323671497586
3.507927375347213 -2777.7777777777774
3.5091115107951723 -2753.623188405797
3.522057070859661 -2729.4685990338166
3.5362047191154566 -2705.3140096618354
3.543381222678107 -2681.159420289855
3.560014045012836 -2657.0048309178746
3.562050261351477 -2632.8502415458934
3.5866610194252457 -2608.695652173913
3.587243690098638 -2584.5410628019317
3.5875454659071426 -2560.3864734299514
3.5980591393350814 -2536.231884057971
3.6012215783694357 -2512.0772946859897
3.602742834346567 -2487.9227053140094
3.6040208732287784 -2463.768115942029
3.605508618493359 -2439.6135265700477
3.609121326313336 -2415.4589371980674
3.6098755200184405 -2391.304347826087
3.6411241615435164 -2367.1497584541057
3.6519598636203234 -2342.9951690821254
3.6690279900708123 -2318.840579710145
3.690060526807477 -2294.6859903381637
3.719865124921382 -2270.5314009661834
3.7237141612687608 -2246.376811594203
3.7279273435398763 -2222.2222222222217
3.7467140825660428 -2198.0676328502414
3.74930498140569 -2173.913043478261
3.762996767017018 -2149.7584541062797
3.8062355023352623 -2125.6038647342993
3.81900975545343 -2101.449275362319
3.8236556789731835 -2077.2946859903377
3.825143096299488 -2053.1400966183573
3.8330191037821004 -2028.985507246377
3.8372896792344626 -2004.8309178743957
3.851647815465098 -1980.6763285024153
3.8531578748448805 -1956.521739130435
3.8808485704218154 -1932.3671497584537
3.890455006798441 -1908.2125603864733
3.8996637943559644 -1884.057971014492
3.910282717644974 -1859.9033816425117
3.9147881896265133 -1835.7487922705313
3.9158002270821113 -1811.59420289855
3.9216600027337822 -1787.4396135265706
3.924542247716799 -1763.2850241545893
3.9471071663874735 -1739.130434782608
3.9472828692953934 -1714.9758454106286
3.970067256597445 -1690.8212560386473
3.9741126893670753 -1666.666666666666
3.982318295226892 -1642.5120772946866
3.983423541034814 -1618.3574879227053
3.995121393867179 -1594.202898550724
4.004739107070243 -1570.0483091787446
4.004901759961812 -1545.8937198067633
4.00939932366153 -1521.739130434782
4.023089444222483 -1497.5845410628026
4.0243931213119 -1473.4299516908213
4.032777318536973 -1449.27536231884
4.048724892806294 -1425.1207729468588
4.074388372789163 -1400.9661835748793
4.0757484138642 -1376.811594202898
4.082464342978557 -1352.6570048309168
4.083943702218457 -1328.5024154589373
4.106001972687503 -1304.347826086956
4.114870869270556 -1280.1932367149748
4.124506185414884 -1256.0386473429953
4.125307541515357 -1231.884057971014
4.151266035595407 -1207.7294685990328
4.1569285675123755 -1183.5748792270533
4.162943454289491 -1159.420289855072
4.168467549017878 -1135.2657004830908
4.174483493668419 -1111.1111111111113
4.176767569521019 -1086.95652173913
4.182592227506086 -1062.8019323671488
4.183647633992807 -1038.6473429951693
4.218535894175089 -1014.492753623188
4.223296350216969 -990.3381642512068
4.237533276656686 -966.1835748792273
4.237809263666547 -942.028985507246
4.241092579547159 -917.8743961352648
4.247637916722965 -893.7198067632853
4.248919563794389 -869.565217391304
4.294202159909065 -845.4106280193228
4.298508532908246 -821.2560386473433
4.308405436896051 -797.101449275362
4.313101937411405 -772.9468599033808
4.313369995936419 -748.7922705314013
4.339789623374628 -724.63768115942
4.343322921475705 -700.4830917874388
4.375529793897172 -676.3285024154593
4.387238948101166 -652.173913043478
4.399319117666524 -628.0193236714967
4.4018578294778425 -603.8647342995173
4.407328292775933 -579.710144927536
4.419723463313804 -555.5555555555547
4.473924435608438 -531.4009661835753
4.4789364010526125 -507.246376811594
4.491557917292984 -483.09178743961274
4.509947404248697 -458.9371980676333
4.534956561412693 -434.782608695652
4.539849429325466 -410.62801932367074
4.569335580905399 -386.4734299516913
4.573431970384925 -362.31884057971
4.58804003877415 -338.16425120772874
4.592108844865869 -314.0096618357493
4.603799089956583 -289.855072463768
4.605057548041751 -265.70048309178674
4.60673658445629 -241.54589371980728
4.613807600458408 -217.391304347826
4.638878365283757 -193.23671497584473
4.642542325911254 -169.08212560386528
4.660301358446221 -144.927536231884
4.662800663415397 -120.77294685990273
4.663227304383892 -96.61835748792328
4.687808755939336 -72.463768115942
4.696511602053858 -48.30917874396073
4.728018388980116 -24.154589371981274
4.737294957055579 0.0
4.744584679304788 0.0
4.748147811195999 24.154589371980677
4.751154776915608 48.309178743961354
4.7562020275278085 72.46376811594203
4.793651160179181 96.61835748792271
4.802315221348293 120.77294685990339
4.803897224402163 144.92753623188406
4.807666582454092 169.08212560386474
4.810445830179498 193.23671497584542
4.810683478773399 217.3913043478261
4.837484319608953 241.54589371980677
4.839703628389915 265.7004830917874
4.8486186660483 289.8550724637681
4.858287757341477 314.00966183574883
4.867458963202384 338.1642512077295
4.900549137264132 362.3188405797101
4.919672184898771 386.47342995169083
4.923079165174858 410.62801932367154
4.923757769837664 434.7826086956522
4.943102854125926 458.93719806763283
4.954289411350819 483.09178743961354
4.964046421485503 507.24637681159425
4.971684507335206 531.4009661835748
4.979805819809396 555.5555555555555
4.986590681295996 579.7101449275362
4.998640395985291 603.864734299517
4.998687443869466 628.0193236714977
5.00967977846177 652.1739130434783
5.014699575122302 676.328502415459
5.017863551367428 700.4830917874397
5.0266226013232895 724.6376811594203
5.049439047759774 748.792270531401
5.08598559058706 772.9468599033817
5.103997798144136 797.1014492753624
5.113291646282418 821.2560386473431
5.121914621117548 845.4106280193237
5.1264136195562005 869.5652173913044
5.174643666333224 893.7198067632851
5.1773540506696065 917.8743961352657
5.1905267896108045 942.0289855072464
5.196276855864729 966.1835748792271
5.209509828936093 990.3381642512078
5.211331335336097 1014.4927536231885
5.216496266655089 1038.647342995169
5.217057300086555 1062.8019323671497
5.240118335743814 1086.9565217391305
5.2618996515589975 1111.111111111111
5.263915682030364 1135.265700483092
5.279395999302134 1159.4202898550725
5.281941502500482 1183.574879227053
5.303873513032115 1207.729468599034
5.309157443590452 1231.8840579710145
5.310758798307327 1256.0386473429953
5.31254182678466 1280.193236714976
5.314186780573752 1304.3478260869565
5.325335509798599 1328.5024154589373
5.328526814767071 1352.657004830918
5.340745941978109 1376.8115942028985
5.366481445861549 1400.9661835748793
5.374155338905126 1425.12077294686
5.412883470839903 1449.2753623188405
5.417101220670282 1473.4299516908213
5.4420255109600015 1497.584541062802
5.467324958500167 1521.7391304347827
5.469251598544432 1545.8937198067633
5.473136536297654 1570.048309178744
5.484701915620215 1594.2028985507247
5.489058852608255 1618.3574879227053
5.5256582626182364 1642.5120772946862
5.539172258947685 1666.6666666666667
5.546126722921553 1690.8212560386473
5.553034785691782 1714.9758454106282
5.55676643384983 1739.1304347826087
5.559905791876069 1763.2850241545893
5.577566464908557 1787.4396135265702
5.581928928045622 1811.5942028985507
5.600501099928335 1835.7487922705313
5.600957493833314 1859.9033816425122
5.614894154572077 1884.0579710144928
5.6219445833096495 1908.2125603864736
5.622121536036468 1932.3671497584542
5.654374625350105 1956.5217391304348
5.713968031841161 1980.6763285024156
5.7583971155855584 2004.8309178743962
5.759974145256569 2028.985507246377
5.787084377329016 2053.1400966183573
5.788429371617109 2077.294685990338
5.788627920113546 2101.449275362319
5.808259130164835 2125.6038647342993
5.812590698038581 2149.75845410628
5.81824777493671 2173.913043478261
5.834688035514079 2198.067632850242
5.845829919522391 2222.222222222222
5.857668338263371 2246.376811594203
5.8691491070115 2270.531400966184
5.87234290176999 2294.685990338164
5.8746466888797935 2318.840579710145
5.904712136505027 2342.995169082126
5.907201546929974 2367.149758454106
5.908829563214941 2391.304347826087
5.9216823051229905 2415.458937198068
5.957568064648905 2439.613526570048
5.96146453244081 2463.768115942029
5.969931575043834 2487.92270531401
5.980915991991491 2512.0772946859906
6.017942682713654 2536.231884057971
6.022302439521451 2560.386473429952
6.026589687604051 2584.5410628019326
6.031932928255155 2608.695652173913
6.051061618407996 2632.850241545894
6.052570380469305 2657.0048309178746
6.05848760671593 2681.159420289855
6.104434400815531 2705.314009661836
6.105633676621701 2729.4685990338166
6.106724965805212 2753.623188405797
6.108189721570652 2777.777777777778
6.111847411150485 2801.9323671497586
6.1501182566277235 2826.086956521739
6.156674694887433 2850.24154589372
6.158800253267974 2874.3961352657007
6.160569985778414 2898.550724637681
6.162473644369188 2922.705314009662
6.164189787059154 2946.8599033816427
6.168300800579915 2971.0144927536235
6.192491565281165 2995.169082125604
6.196198958577984 3019.3236714975847
6.206727586230696 3043.4782608695655
6.213076775246623 3067.632850241546
6.255950442005302 3091.7874396135267
6.261330723011915 3115.9420289855075
6.278418662556612 3140.096618357488
6.283424165011043 3164.2512077294687
6.296267285084443 3188.4057971014495
6.306287754203419 3212.56038647343
6.310308644438038 3236.7149758454107
6.318364128117052 3260.8695652173915
6.319451195304994 3285.0241545893723
6.321220791970057 3309.1787439613527
6.379163395162623 3333.3333333333335
6.449092088579701 3357.4879227053143
6.456019163271898 3381.6425120772947
6.47342374448551 3405.7971014492755
6.4747750836675575 3429.9516908212563
6.47876446656566 3454.1062801932367
6.4842741010040195 3478.2608695652175
6.534921132646923 3502.4154589371983
6.537446648897296 3526.5700483091787
6.555282259370092 3550.7246376811595
6.623661601143311 3574.8792270531403
6.63207471762017 3599.0338164251207
6.644483374537991 3623.1884057971015
6.671425311459993 3647.3429951690823
6.677164356003243 3671.4975845410627
6.698022046300293 3695.6521739130435
6.700422039303762 3719.8067632850243
6.712734687723353 3743.961352657005
6.717580270491419 3768.1159420289855
6.737672996741251 3792.2705314009663
6.7602025827596846 3816.425120772947
6.796298833981784 3840.5797101449275
6.813117409852323 3864.7342995169083
6.8321486025803955 3888.888888888889
6.856708134632755 3913.0434782608695
6.864697482286108 3937.1980676328503
6.895993149661912 3961.352657004831
6.899815614970476 3985.5072463768115
6.900976655926591 4009.6618357487923
6.906676171486867 4033.816425120773
6.923797355036564 4057.971014492754
6.927117108022928 4082.1256038647343
6.933486759289221 4106.280193236715
6.935778423756055 4130.434782608696
6.95572492220464 4154.589371980676
6.95659989677152 4178.743961352657
6.969060315618163 4202.898550724638
6.970641598180016 4227.053140096618
6.9796278090779085 4251.207729468599
6.998434600484657 4275.36231884058
6.998467244563176 4299.51690821256
7.009420042283388 4323.671497584542
7.014497664745338 4347.826086956522
7.014966560754185 4371.980676328502
7.0163414585053925 4396.135265700484
7.016946136293485 4420.289855072464
7.02347628786714 4444.444444444444
7.044976325083844 4468.599033816426
7.059010515288389 4492.753623188406
7.0594009814687855 4516.908212560386
7.060770001261099 4541.062801932368
7.102843382654357 4565.217391304348
7.115529725815753 4589.371980676328
7.12047419753493 4613.52657004831
7.1884455861152965 4637.68115942029
7.204613508165744 4661.83574879227
7.220944138629614 4685.990338164252
7.233139225386845 4710.144927536232
7.249358078148953 4734.299516908212
7.283092771051906 4758.454106280194
7.293615758268982 4782.608695652174
7.295399561653024 4806.763285024154
7.299447379288938 4830.917874396136
7.3471056728956405 4855.072463768116
7.355037001455629 4879.227053140096
7.35826569297786 4903.381642512078
7.3600627623756445 4927.536231884058
7.366773240862536 4951.690821256038
7.368778820644996 4975.84541062802
7.373475180881066 5000.0
7.375997341348456 5024.154589371981
7.3966668336907 5048.309178743962
7.399381696715607 5072.463768115942
7.401044468441457 5096.618357487923
7.403025389860733 5120.772946859904
7.436047817634744 5144.927536231884
7.479102755613292 5169.082125603865
7.491548977513499 5193.236714975846
7.4960717300152275 5217.391304347826
7.498342262913815 5241.545893719807
7.513383609996238 5265.700483091788
7.516656429688928 5289.855072463768
7.521310655136326 5314.009661835749
7.521863920787219 5338.16425120773
7.522751567452878 5362.31884057971
7.528957510879075 5386.473429951691
7.529504149301686 5410.628019323672
7.553427783832426 5434.782608695652
7.577299314216591 5458.937198067633
7.5863922321578405 5483.091787439614
7.5930092080628295 5507.246376811594
7.593264973588548 5531.400966183575
7.594000582102244 5555.555555555556
7.598739117501552 5579.710144927536
7.601629763489832 5603.864734299517
7.603512563477295 5628.019323671498
7.606827036714625 5652.173913043478
7.609184406310971 5676.328502415459
7.620197428614961 5700.48309178744
7.643698473519852 5724.63768115942
7.650282092852666 5748.792270531401
7.654718615828527 5772.946859903382
7.674887040646671 5797.101449275362
7.683554909309684 5821.256038647343
7.731880830971493 5845.410628019324
7.733550733393609 5869.565217391305
7.750199990776705 5893.719806763285
7.751477711339278 5917.874396135266
7.771711159024361 5942.028985507247
7.779489629025319 5966.183574879227
7.780344944882886 5990.338164251208
7.7865314354239885 6014.492753623189
7.797763773389251 6038.647342995169
7.819912250650221 6062.80193236715
7.827485467153181 6086.956521739131
7.843874206781472 6111.111111111111
7.852208351250476 6135.265700483092
7.872183809536402 6159.420289855073
7.876093899372271 6183.574879227053
7.971121836724403 6207.729468599034
7.974402631194427 6231.884057971015
7.9744172485361595 6256.038647342995
7.99480467300162 6280.193236714976
8.021427189838942 6304.347826086957
8.0292592591506 6328.502415458937
8.0294897117326 6352.657004830918
8.033816856184178 6376.811594202899
8.046900385628161 6400.966183574879
8.04717190321273 6425.12077294686
8.056970708593127 6449.275362318841
8.06994090384086 6473.429951690821
8.075215516531651 6497.584541062802
8.091091969740155 6521.739130434783
8.10909247566965 6545.893719806763
8.12435713642681 6570.048309178745
8.128207689156893 6594.202898550725
8.138638146523947 6618.357487922705
8.17574937495025 6642.512077294687
8.201935950550215 6666.666666666667
8.216486386694292 6690.821256038647
8.258675446165189 6714.975845410629
8.266997775441242 6739.130434782609
8.276153073029558 6763.285024154589
8.289260785941892 6787.439613526571
8.295702249592376 6811.594202898551
8.317683795436544 6835.748792270531
8.322470529325557 6859.903381642513
8.322865562259402 6884.057971014493
8.329567706941784 6908.212560386473
8.336195195926559 6932.367149758455
8.361418642119876 6956.521739130435
8.376032201187616 6980.676328502415
8.384224841808365 7004.830917874397
8.387391994405016 7028.985507246377
8.393765835109047 7053.140096618357
8.394572960429452 7077.294685990339
8.398619670343226 7101.449275362319
8.403217322295731 7125.603864734299
8.406826117374223 7149.758454106281
8.414099013903689 7173.913043478261
8.433417532683658 7198.067632850241
8.533333838943385 7222.222222222223
8.549593742397082 7246.376811594203
8.565876955331722 7270.531400966183
8.567695959217655 7294.685990338165
8.573160812447663 7318.840579710145
8.582599193472449 7342.995169082125
8.591588579518781 7367.149758454107
8.592007956000879 7391.304347826087
8.603223434316515 7415.458937198068
8.618595974712793 7439.613526570049
8.619211036323739 7463.768115942029
8.629508381339035 7487.92270531401
8.630620087133373 7512.077294685991
8.654606114599288 7536.231884057971
8.677336190102316 7560.386473429952
8.694014921867266 7584.541062801933
8.703550023744787 7608.695652173913
8.719835352707054 7632.850241545894
8.721908247634424 7657.004830917875
8.738323307091601 7681.159420289855
8.742698959089935 7705.314009661836
8.743427028490432 7729.468599033817
8.755774633232882 7753.623188405797
8.77470504086045 7777.777777777778
8.785490665247488 7801.932367149759
8.788115559765927 7826.086956521739
8.797733119793302 7850.24154589372
8.801864848117281 7874.396135265701
8.810307307211426 7898.550724637681
8.82734439910107 7922.705314009662
8.830467776079697 7946.859903381643
8.837222169867482 7971.014492753623
8.8475299542448 7995.169082125604
8.880321647619176 8019.323671497585
8.885876944477072 8043.478260869565
8.88815699820704 8067.632850241546
8.897019143358676 8091.787439613527
8.899258078716011 8115.942028985508
8.901255621115716 8140.096618357488
8.910577700478273 8164.251207729469
8.91686616415303 8188.40579710145
8.917845238255676 8212.56038647343
8.976701350575574 8236.71497584541
8.978475283049342 8260.869565217392
8.980712981971864 8285.024154589371
8.981221368021547 8309.178743961353
9.001424716687191 8333.333333333334
9.008106126943057 8357.487922705313
9.01785508599097 8381.642512077295
9.031813733450477 8405.797101449276
9.036111930260532 8429.951690821255
9.043184144884647 8454.106280193237
9.057488947801485 8478.260869565218
9.069688925125071 8502.415458937197
9.076058048806082 8526.570048309179
9.09943929322973 8550.72463768116
9.11560540200285 8574.879227053141
9.133450210059586 8599.03381642512
9.134078597521397 8623.188405797102
9.157798097433693 8647.342995169083
9.157918688565543 8671.497584541063
9.162943967942068 8695.652173913044
9.185008993674003 8719.806763285025
9.22884254113512 8743.961352657005
9.258562715137518 8768.115942028986
9.277453328327537 8792.270531400967
9.311410685651726 8816.425120772947
9.318745244027058 8840.579710144928
9.347373661586564 8864.73429951691
9.353401035487371 8888.888888888889
9.378768738477437 8913.04347826087
9.392863207637665 8937.198067632851
9.394473946234443 8961.35265700483
9.39939481265949 8985.507246376812
9.404797776279972 9009.661835748793
9.41110642411952 9033.816425120773
9.425660039502954 9057.971014492754
9.42862323779975 9082.125603864735
9.441918329794488 9106.280193236715
9.446953718961513 9130.434782608696
9.455708237664869 9154.589371980677
9.489469186425852 9178.743961352657
9.493328557293587 9202.898550724638
9.498184511333239 9227.05314009662
9.499658637161378 9251.207729468599
9.508798318065256 9275.36231884058
9.515586913506608 9299.516908212561
9.520636400406683 9323.67149758454
9.525337998083486 9347.826086956522
9.538272538766325 9371.980676328503
9.553500887613351 9396.135265700483
9.565451136513946 9420.289855072464
9.570589786803692 9444.444444444445
9.571318178119721 9468.599033816425
9.578159767369772 9492.753623188406
9.682799536377773 9516.908212560387
9.709360461007261 9541.062801932367
9.712928362058006 9565.217391304348
9.725647407411708 9589.37198067633
9.736091755434943 9613.526570048309
9.738532341178722 9637.68115942029
9.752453412402394 9661.835748792271
9.769445233547364 9685.99033816425
9.781009195214269 9710.144927536232
9.783864294959896 9734.299516908213
9.787636871706333 9758.454106280193
9.790204879397411 9782.608695652174
9.792749797234034 9806.763285024155
9.792751694192436 9830.917874396135
9.854454213651158 9855.072463768116
9.860342240541993 9879.227053140097
9.886369282268156 9903.381642512077
9.964613396961031 9927.536231884058
9.969300468377705 9951.69082125604
9.97235771769827 9975.845410628019
9.975164859177625 10000.0
16719.991931929315